1.393800637593395786e+00
1.236003568922660945e+00
1.192639541703849559e+00
1.146591811444237941e+00
1.091994999157002599e+00
1.051410755824412790e+00
1.027125227499833704e+00
1.005262519544137145e+00
9.815041543143876446e-01
9.687017109870755815e-01
9.615976840569298023e-01
9.524909068721180150e-01
9.475258779504674989e-01
9.409113884208261114e-01
9.366617444692413308e-01
9.306225137494549271e-01
9.261949809660188215e-01
9.236277073427874296e-01
9.154674207548652021e-01
9.146144220084181375e-01
9.109764784285980799e-01
9.081762073975367944e-01
9.013824500466542933e-01
9.021682161743870276e-01
8.963659616196911761e-01
8.912096535273977826e-01
8.877687442021005015e-01
8.845054971466300708e-01
8.839766307744969520e-01
8.809297305802824551e-01
8.764189742679998618e-01
8.723486547085846921e-01
8.726682322070108411e-01
8.739750906921196494e-01
8.670964944929586693e-01
8.651921817762163736e-01
8.668924103350601484e-01
8.605152195748477784e-01
8.578951596555480785e-01
8.575272862230114423e-01
8.546008527450457137e-01
8.532715987930508117e-01
8.505767944784521362e-01
8.486690479539409360e-01
8.469858181812071063e-01
8.499744928552921408e-01
8.465675537258973149e-01
8.434369257062709346e-01
8.383258370549206973e-01
8.390033186235479334e-01
8.382155399227814163e-01
8.362192070015954659e-01
8.320335898728828949e-01
8.326684428391157855e-01
8.305528146020074720e-01
8.273382497690943138e-01
8.255746762477675915e-01
8.274343178428983370e-01
8.219322839100112743e-01
8.231503783270620600e-01
8.228447131432820028e-01
8.192095550349921540e-01
8.209429510311061495e-01
8.197944591378835133e-01
8.168849116717553649e-01
8.191626164775307473e-01
8.162394480566681487e-01
8.158446613442164042e-01
8.141497886508073378e-01
8.148612098469220077e-01
8.134232465101440823e-01
8.119023638225679740e-01
8.093868071518514062e-01
8.106429084729825929e-01
8.092965801159651695e-01
8.107932249824746362e-01
8.063314882733453315e-01
8.070393376343261149e-01
8.072311580767320693e-01
8.062013772302134562e-01
8.050784852845349615e-01
8.049836000424830385e-01
8.049115371799183682e-01
8.033767288634412473e-01
8.019481701560846609e-01
8.016757402556988765e-01
7.997777490608379836e-01
8.011380218368665540e-01
7.999702555611434285e-01
8.003375524746628722e-01
7.995373053341883196e-01
8.010530322993164587e-01
7.987980652519218738e-01
7.951262170076424107e-01
7.974178692241968847e-01
7.951627530662356280e-01
7.957857037726189242e-01
7.924568048401700038e-01
7.937662743928151077e-01
7.923843123389082699e-01
