1.838548492895273778e+00
1.606906030697389021e+00
1.507546875549246268e+00
1.448892924949986449e+00
1.404267928764253437e+00
1.374078936649058669e+00
1.351820276980375102e+00
1.332450615931731308e+00
1.317917005544839038e+00
1.304688242907138251e+00
1.292655473986730419e+00
1.281095392788057064e+00
1.271720670785527085e+00
1.262623653408875057e+00
1.256105430260790135e+00
1.248006235734018921e+00
1.242140284233425929e+00
1.235373471525200717e+00
1.227720407977732631e+00
1.220889612635311927e+00
1.215556942408009933e+00
1.210597686797006300e+00
1.203335870070688429e+00
1.199136062857832252e+00
1.193055161547305287e+00
1.186523003090769413e+00
1.182478208156850119e+00
1.178004103807684055e+00
1.172740714201159662e+00
1.167924315779302669e+00
1.163574885100575607e+00
1.158132342936816661e+00
1.155169820183135299e+00
1.151628314280126908e+00
1.143288802212574451e+00
1.139285865964640987e+00
1.136021310543360308e+00
1.130760044797938679e+00
1.127450237740999839e+00
1.121229253528280179e+00
1.117207969574454562e+00
1.112996587356960498e+00
1.108935521775072264e+00
1.107097083329670495e+00
1.102483594307108294e+00
1.098634674752422491e+00
1.092151630786702299e+00
1.086493550848045997e+00
1.085372006428178215e+00
1.080039800212906353e+00
1.076555621402581542e+00
1.072023139573467843e+00
1.066675544072816839e+00
1.067464093950051929e+00
1.060684420929181693e+00
1.061569848209663824e+00
1.054725890740170202e+00
1.050251741159268892e+00
1.051090343133319838e+00
1.045945970890099996e+00
1.041908995631969814e+00
1.041040214930056385e+00
1.034503118908665309e+00
1.034515350989827942e+00
1.029609070613404453e+00
1.026354589440316545e+00
1.024324537382470757e+00
1.024299264380905017e+00
1.020471157817240959e+00
1.016670298667673000e+00
1.012549495225050222e+00
1.010486456244922282e+00
1.007578049686803867e+00
1.004611296096954876e+00
1.003131112878035802e+00
9.985696076967653934e-01
9.985572144009602358e-01
9.933673243842052747e-01
9.896882369503522403e-01
9.881979410226454652e-01
9.852097169909425078e-01
9.842008865881740620e-01
9.818013626297092955e-01
9.775050848929779379e-01
9.767918725681720149e-01
9.727707608894687885e-01
9.722262181120411295e-01
9.697564811162765475e-01
9.672668305954226220e-01
9.668331821883414667e-01
9.647442635932839128e-01
9.622270784763028439e-01
9.584977225329257555e-01
9.602048397607384489e-01
9.553798880874144750e-01
9.543043964062271067e-01
9.523720144768397233e-01
9.509393700112068748e-01
9.506110527299840296e-01
9.475630013066173030e-01
