2.077089562790685129e+00
1.934978559151394162e+00
1.909405698327162559e+00
1.874154132090625868e+00
1.826791623395469744e+00
1.782314929389210212e+00
1.751451973056517009e+00
1.730224540223910257e+00
1.713178015039421354e+00
1.702568920725586743e+00
1.690352189664664051e+00
1.682560206346960685e+00
1.676806318288915021e+00
1.672542266984842207e+00
1.668228064365675944e+00
1.664345619553319500e+00
1.662769152697339159e+00
1.658377937623447762e+00
1.657702515381287878e+00
1.654320894502134820e+00
1.652924054710001478e+00
1.647944966023050295e+00
1.645510163364927836e+00
1.644462717600069457e+00
1.642920395490535590e+00
1.640940029080680818e+00
1.637564767285881739e+00
1.637643080753648617e+00
1.636902797061981385e+00
1.633870018505066746e+00
1.634358490033232414e+00
1.631487173834961446e+00
1.631729045882367224e+00
1.630131325022517785e+00
1.627861378538834503e+00
1.627974596669648166e+00
1.626235846911425753e+00
1.625221792053526126e+00
1.624723630021562837e+00
1.623115474512767387e+00
1.622437218523676394e+00
1.620973708348210973e+00
1.620753950618404549e+00
1.619347035891848474e+00
1.619340228898468625e+00
1.616811532379482053e+00
1.616203026244675822e+00
1.614838205821834904e+00
1.614350906982827683e+00
1.613515350608699439e+00
1.610483250494201490e+00
1.610728086291425498e+00
1.608336691885167147e+00
1.606783969319858008e+00
1.605507857451187848e+00
1.603029670291418407e+00
1.601721017609214259e+00
1.601624428983374981e+00
1.598537915905847706e+00
1.597563279982895601e+00
1.595566229950570625e+00
1.595718958811926935e+00
1.593072013339942528e+00
1.592833147914503256e+00
1.589983557377193213e+00
1.588822962727263421e+00
1.587650935281437414e+00
1.587653652515595981e+00
1.587914094155574940e+00
1.584496199202160449e+00
1.581763104246043605e+00
1.582383744786407309e+00
1.578612082045269149e+00
1.579555088133253182e+00
1.578111125116872904e+00
1.575646278279105861e+00
1.576375485357145445e+00
1.573877747929820936e+00
1.573973121740816605e+00
1.573531870953583711e+00
1.570757922705791954e+00
1.568139410260607214e+00
1.567267780143433153e+00
1.566167527623879563e+00
1.565568497971479678e+00
1.564169732348761555e+00
1.562655558420995128e+00
1.563156227222181061e+00
1.560411913020986585e+00
1.559498732027891466e+00
1.558635444367309830e+00
1.557457186384736625e+00
1.555965339201391240e+00
1.554286373844637748e+00
1.553026842600518487e+00
1.553445625696262100e+00
1.553100333801855637e+00
1.549834670428801298e+00
1.550220910375893935e+00
1.548462939235930591e+00
