1.266789135787308229e+00
1.150968109986680421e+00
1.073091658300165507e+00
9.806435257762458058e-01
9.460234308083395049e-01
9.305538482908712883e-01
9.170102874403907034e-01
9.111325704830172123e-01
9.000913869553635038e-01
8.912163590727913975e-01
8.797131051578885863e-01
8.758235263190506936e-01
8.634669382115627290e-01
8.574460338766827228e-01
8.489428393220020963e-01
8.427625340101393414e-01
8.401949449231770339e-01
8.296642761745636196e-01
8.222486419995937990e-01
8.178094412779453037e-01
8.142639900178642032e-01
8.082830786149471924e-01
8.032350188285547476e-01
7.961934258998047964e-01
7.927584191531413804e-01
7.865323108025574772e-01
7.836041040919221601e-01
7.807746002389629458e-01
7.806016733347356240e-01
7.755445283559012637e-01
7.690390586581977717e-01
7.660226758140821213e-01
7.671847844037578135e-01
7.603034404243417255e-01
7.595157820555171746e-01
7.559000589596499564e-01
7.563951831886800425e-01
7.503582712601110094e-01
7.528974825034157048e-01
7.467707771363856217e-01
7.442451573170806300e-01
7.445902135757418439e-01
7.432614107622472766e-01
7.391892295680700942e-01
7.369541938129837710e-01
7.344725545076232764e-01
7.354416750334011876e-01
7.312144064633069318e-01
7.297283890875900791e-01
7.305789587131061857e-01
7.284438272807901571e-01
7.279042129552375506e-01
7.260003205638826396e-01
7.212562290937072351e-01
7.219852843469157788e-01
7.189794050210298604e-01
7.185431507939724627e-01
7.164029129452982314e-01
7.165353754255746610e-01
7.146835825261943498e-01
7.114336882526897110e-01
7.142188023565100297e-01
7.088293372652206825e-01
7.082212937541201292e-01
7.041855878428371351e-01
7.081232208720039667e-01
7.041806844743795368e-01
7.047602639627164045e-01
7.042277937457368520e-01
7.020088145970607707e-01
6.990718613225389566e-01
7.001390563379100707e-01
6.986499734890363467e-01
7.005847252060286579e-01
6.990649814290821329e-01
6.975945034281025858e-01
6.993389479954644772e-01
6.950859174423699161e-01
6.933893673862409068e-01
6.936430283921821704e-01
6.929670871973969692e-01
6.919869757646422981e-01
6.902879231930006965e-01
6.913979677891073372e-01
6.907267714509732759e-01
6.895738027219402433e-01
6.884232858317527182e-01
6.875490316694490289e-01
6.889907981171812246e-01
6.857756618581939412e-01
6.863861086670673961e-01
6.847909139280112800e-01
6.842653904191164926e-01
6.849988811509630793e-01
6.831346039925585423e-01
6.817923220482766666e-01
6.821180126381366504e-01
6.810949196625626367e-01
6.837477518761174711e-01
6.781458721089060893e-01
