1.237975674404962811e+00
1.113573899757402730e+00
9.909280745363645559e-01
9.531555536030343889e-01
9.259491678953822857e-01
9.058320161881782129e-01
8.855904105411860350e-01
8.729778301230649573e-01
8.628104116356465347e-01
8.587459598784529247e-01
8.436769188437804878e-01
8.371947858617351246e-01
8.340258954311996487e-01
8.287732408174417476e-01
8.232378381345878404e-01
8.139060223654672743e-01
8.085291404129359982e-01
8.014508329510087181e-01
7.983844493396305975e-01
7.915304491586636626e-01
7.914568934635639597e-01
7.884638106844694683e-01
7.828431379399685142e-01
7.795074977757602275e-01
7.779597931483496209e-01
7.740732197269462045e-01
7.699663665364216980e-01
7.716852789776246224e-01
7.629653280973918150e-01
7.620669580442979152e-01
7.579343072246076396e-01
7.581051131508651508e-01
7.547150218166043256e-01
7.512343521476595454e-01
7.494393697102790242e-01
7.495250916969553590e-01
7.471610530088919067e-01
7.449462008578868755e-01
7.424704685331680043e-01
7.418226168898605088e-01
7.405025596196470605e-01
7.374690431919342926e-01
7.366761859128263534e-01
7.347912314526899857e-01
7.337345213208621431e-01
7.329077301262150179e-01
7.304221790941476389e-01
7.319069684007303289e-01
7.324666245408361087e-01
7.272820405718460890e-01
7.273399991843758627e-01
7.261967230113759442e-01
7.245253578730965760e-01
7.250669845571017236e-01
7.216081186370592038e-01
7.197590866009359045e-01
7.185343624071807156e-01
7.188846521411832446e-01
7.182619026049800182e-01
7.192861771167516904e-01
7.170440747396414904e-01
7.169018909807726159e-01
7.152043225885028610e-01
7.116976068420225454e-01
7.114851508411957903e-01
7.115047281494829567e-01
7.100478633890691116e-01
7.096908935622885384e-01
7.076263990068980547e-01
7.084559550770411773e-01
7.069439843372700150e-01
7.066255689098610571e-01
7.033396163800663681e-01
7.055810008453241577e-01
7.038117418779139545e-01
7.005256632904479641e-01
6.994616883408401042e-01
7.012839422490785291e-01
7.024885371942237722e-01
7.011997620326356762e-01
6.994531996500916726e-01
6.990927666687343223e-01
6.984353539650723919e-01
6.990201605856969369e-01
6.994353175330524364e-01
6.954713834524789418e-01
6.953020679104328083e-01
6.962436704564157752e-01
6.948487427179719234e-01
6.945559241533001416e-01
6.936743623933004921e-01
6.933866076136374623e-01
6.944337485419141975e-01
6.937675115749832866e-01
6.923513439123456514e-01
6.930228367127460043e-01
6.927294198653297652e-01
6.901104530127762926e-01
6.922627243026361343e-01
6.915107028736205974e-01
