1.704010857413146507e+00
1.260516389428790962e+00
1.228106937357808182e+00
1.216954424185261230e+00
1.211140099573027484e+00
1.199753430349689509e+00
1.189532869025492046e+00
1.180324669397594395e+00
1.172624930181034530e+00
1.163733170973883624e+00
1.160492236094435192e+00
1.157018663749706411e+00
1.151711127091608944e+00
1.148327431653409336e+00
1.142471586278692719e+00
1.139788312062095077e+00
1.134308832274348866e+00
1.129429515579692955e+00
1.123185665304607728e+00
1.112827319790761882e+00
1.105578288602518722e+00
1.098208712570557299e+00
1.094237181715296714e+00
1.085148948416333248e+00
1.082114119233440697e+00
1.077368867910259764e+00
1.073380642356049686e+00
1.071362880570410292e+00
1.066340895853683524e+00
1.067942194960558755e+00
1.062659054295177263e+00
1.066997957208532632e+00
1.062646607736302151e+00
1.059229231779074354e+00
1.061571146567598767e+00
1.058240863714156044e+00
1.059427537456208768e+00
1.056601402697834313e+00
1.056743432743530331e+00
1.055275412002127267e+00
1.053686450440404432e+00
1.052148053997290944e+00
1.048238967117689047e+00
1.048414763578906728e+00
1.046598350226450425e+00
1.048900788994426403e+00
1.048048995033167063e+00
1.046833416433514463e+00
1.045133556066228486e+00
1.046021072970005239e+00
1.045477812088259517e+00
1.041783336252628978e+00
1.041421135345857341e+00
1.040782213546107560e+00
1.044153372760052711e+00
1.042768970379933213e+00
1.036691763961502533e+00
1.040480368509364872e+00
1.035891812479555973e+00
1.035213416433989675e+00
1.034846965753852821e+00
1.037256708706042918e+00
1.031353044264221808e+00
1.032500283964592480e+00
1.030989974954168664e+00
1.031835149604802604e+00
1.029324633433400082e+00
1.028289050658411252e+00
1.031749821652740540e+00
1.027186788184360378e+00
1.027132097420909940e+00
1.027141469866909906e+00
1.028749186579121844e+00
1.023924981379878751e+00
1.023719913150268335e+00
1.025641257800275152e+00
1.023862985135772563e+00
1.022918479485254606e+00
1.020219312195737915e+00
1.024596391948338514e+00
1.017987115560987199e+00
1.019877242866239930e+00
1.019635279922974203e+00
1.018349827529279938e+00
1.019475833335646842e+00
1.020171580177089199e+00
1.014593987503690675e+00
1.012929791548259129e+00
1.010123797408611468e+00
1.010384425450310930e+00
1.010060364871168792e+00
1.007500798570414968e+00
1.008560473163029547e+00
1.006894133757755938e+00
1.008607944424600555e+00
1.003598652480166553e+00
1.002233717097174681e+00
1.004587275242259325e+00
1.001878677163770881e+00
1.001318427900416141e+00
