1.442333135760088370e+00
1.207033000337550677e+00
1.145563569025003003e+00
1.089056404634482389e+00
1.021624668683353665e+00
9.810895497203835358e-01
9.504586821343243841e-01
9.317268375210013831e-01
9.160516916274455967e-01
9.011307326721291755e-01
8.947085989029687214e-01
8.824286888022201403e-01
8.737313068802250449e-01
8.606037324286431867e-01
8.537055921459267838e-01
8.440480477873785192e-01
8.334264138075196948e-01
8.257081967945195666e-01
8.239134239726236819e-01
8.168115297452418488e-01
8.120987200528119176e-01
8.098033902418827479e-01
8.018740626145077766e-01
7.969201695338645752e-01
7.943880795284835594e-01
7.926115411931795585e-01
7.877572379772572742e-01
7.840084974585357358e-01
7.812958750788596696e-01
7.768999059267016616e-01
7.733891421476394301e-01
7.719953070844252085e-01
7.681931791981413404e-01
7.651310021584447618e-01
7.646288966968755041e-01
7.627211532749186285e-01
7.605001246352864896e-01
7.574421976062583051e-01
7.568338399310148290e-01
7.529850088362346483e-01
7.520249143128957536e-01
7.510562925403345691e-01
7.509456921099837423e-01
7.471937008699606197e-01
7.452709681347934323e-01
7.451189352440217295e-01
7.433484024404990453e-01
7.416201266793177593e-01
7.410345175334652756e-01
7.382729983526822304e-01
7.355152408036009781e-01
7.352099438659651653e-01
7.331775765488877106e-01
7.334810490606322730e-01
7.303587575428341916e-01
7.319341090993815024e-01
7.289090917154241733e-01
7.284698641872633385e-01
7.286661203382157614e-01
7.242596792510671566e-01
7.256423626214212330e-01
7.235514311432895695e-01
7.240548117533318617e-01
7.201378167809244779e-01
7.197276265728680400e-01
7.207170467653631896e-01
7.165284021752963417e-01
7.173115469468871463e-01
7.156373807210488769e-01
7.156654942968861954e-01
7.161229274458910110e-01
7.143473708213675666e-01
7.119812492479410393e-01
7.109985535871112816e-01
7.132226987436141030e-01
7.079800352030803934e-01
7.083154713510773082e-01
7.084384789243112213e-01
7.074006085812886147e-01
7.075988500843809481e-01
7.060230951659267618e-01
7.086792805283677055e-01
7.063199487351681238e-01
7.037441399549386745e-01
7.037108749617231318e-01
7.015021890588725162e-01
6.997711459274866819e-01
7.003691106158880242e-01
6.987166099069549441e-01
6.994181567023437518e-01
6.986910084823497735e-01
6.993861089634217931e-01
6.973817346638268022e-01
6.960935266711070213e-01
6.946940052074874750e-01
6.968093266410194664e-01
6.948302964613436439e-01
6.929023354594048278e-01
6.918525630517531333e-01
6.928252228893557740e-01
