1.311297060645645995e+00
1.144857468722152216e+00
1.041626441930048941e+00
9.762296158639858223e-01
9.394266520007207300e-01
9.150355634339891742e-01
8.915207927401546106e-01
8.724016279503556959e-01
8.609790395787298989e-01
8.495092754911233168e-01
8.334868846471109594e-01
8.235351862148986291e-01
8.106777289513457108e-01
8.062845103578395456e-01
7.925531695475289684e-01
7.827433673704169426e-01
7.773044574622757219e-01
7.681345470894539451e-01
7.609383606136599365e-01
7.557076788538787948e-01
7.472375465462175459e-01
7.382486117520632440e-01
7.323917886325544968e-01
7.250168067293939478e-01
7.201361811722717388e-01
7.165378577572748542e-01
7.069411034834379715e-01
7.002122050853374358e-01
6.973925778964252808e-01
6.904004342829351826e-01
6.861128957457589550e-01
6.835392273870332103e-01
6.825686656626670512e-01
6.769217349653204874e-01
6.756369931189454281e-01
6.732825504417606632e-01
6.678269740400024634e-01
6.635825853649977013e-01
6.607997452076048717e-01
6.605120540746732827e-01
6.563104145563843916e-01
6.509535742113542467e-01
6.500418723052255876e-01
6.474162325046693978e-01
6.450260223679650240e-01
6.471918845511529517e-01
6.404551290284002940e-01
6.418844005762452953e-01
6.371085337395778758e-01
6.339543072383074795e-01
