2.267123054380752567e+00
1.806835720145446800e+00
1.631497472010239536e+00
1.551005866287893165e+00
1.488571572772301232e+00
1.435666443235023459e+00
1.399122996793670692e+00
1.378992337992355877e+00
1.370293003730119308e+00
1.360123993253735009e+00
1.353578789747585942e+00
1.346559039673959068e+00
1.339984105049823349e+00
1.338392352620309200e+00
1.334729667631943117e+00
1.327710904009244519e+00
1.323449654999010461e+00
1.322227434488326470e+00
1.315137537039796189e+00
1.309956882208441309e+00
1.309338130802581546e+00
1.305628650529259138e+00
1.303301040026197066e+00
1.302490272665112858e+00
1.297583596572650766e+00
1.292999617184204864e+00
1.287827775949710318e+00
1.283963555775796461e+00
1.283470273107695458e+00
1.277970921107395519e+00
1.275395544950908677e+00
1.271578148503914596e+00
1.268997761573799732e+00
1.264872482931884701e+00
1.262858129650368699e+00
1.260264774833301349e+00
1.259254781981578253e+00
1.257853994811060083e+00
1.255381740943545044e+00
1.252295481900625562e+00
1.246586365423167919e+00
1.242649685801301196e+00
1.241951142404320141e+00
1.242973995624350181e+00
1.238326987446775940e+00
1.238724410284904653e+00
1.236515944681963353e+00
1.235637040865820158e+00
1.231558285947968123e+00
1.229323796774589361e+00
1.228554263116306000e+00
1.225871542553722993e+00
1.220412562644250132e+00
1.223868652905955035e+00
1.221560347136269264e+00
1.216984881023450704e+00
1.214409611919338827e+00
1.214068585086807373e+00
1.210860105010386212e+00
1.206516408415618802e+00
1.209586706326796435e+00
1.210301761625863559e+00
1.206405209195783756e+00
1.203078076730510704e+00
1.198863927837512389e+00
1.200486483935722326e+00
1.199394577791691896e+00
1.195771455396916982e+00
1.194403406688076430e+00
1.193795620920235834e+00
1.190834185287007241e+00
1.185184692161076470e+00
1.186671555568770797e+00
1.185000312612725981e+00
1.184242143437675532e+00
1.181007504458893465e+00
1.181048622199626363e+00
1.178170078279239918e+00
1.178249331025557289e+00
1.176491219385973119e+00
1.175166207265686547e+00
1.172929368988129273e+00
1.175613854531415425e+00
1.167072734073845153e+00
1.169696634352767051e+00
1.172630193639398133e+00
1.166245437372050331e+00
1.160323664300104918e+00
1.162280714529833725e+00
1.160635692710087152e+00
1.159831901108645091e+00
1.156890922722474624e+00
1.153659460825983363e+00
1.153027652971352790e+00
1.153840686563082363e+00
1.147935623884095646e+00
1.146780642946117590e+00
1.148769738973050236e+00
1.142549869621189762e+00
1.139622064101910137e+00
1.138168119748862228e+00
1.139652520504483624e+00
1.143423944804992987e+00
1.133390311409381512e+00
1.136457869838789936e+00
1.131564539573226336e+00
1.135958521733499760e+00
1.129016932137669738e+00
1.130815977916040715e+00
1.129405386281339796e+00
1.123944861454710731e+00
1.125968705523511026e+00
1.122936905763051829e+00
1.123251442385705623e+00
1.116135762940037690e+00
1.121991189294063940e+00
1.115382072202358854e+00
1.113317334952360849e+00
1.116453925001455794e+00
1.111485822987938743e+00
1.111881459626022473e+00
1.110115862718972446e+00
1.111386532940265459e+00
1.107052663568199202e+00
1.108348855407086386e+00
1.103912958912221631e+00
1.105308123723002911e+00
1.103884079520951023e+00
1.100201961088649094e+00
1.097396031052322973e+00
1.100192418482953460e+00
1.099206795890869559e+00
1.096523777458335180e+00
1.096877088780673359e+00
1.096521174996636150e+00
