1.846617149739432806e+00
1.494011285357060403e+00
1.438919665338441733e+00
1.418512055788920367e+00
1.405195696704922170e+00
1.393549705704519637e+00
1.324835194255271187e+00
1.232369974983336336e+00
1.169534951948861146e+00
1.133192352354626120e+00
1.120068979583187740e+00
1.084462886240357804e+00
1.080827974990035578e+00
1.075579948194728352e+00
1.053754583386334209e+00
1.042603470645167008e+00
1.029565790312191975e+00
1.025761775185661806e+00
1.016002144038764987e+00
1.006640495541794245e+00
1.000831313515764487e+00
9.886622142721188666e-01
9.679522686363198902e-01
9.691611554581971433e-01
9.559705271452288988e-01
9.557845351382607824e-01
9.425396928328511059e-01
9.443316607754462799e-01
9.276476714391438394e-01
9.221002720642925699e-01
9.165222902088275836e-01
9.107988742064920817e-01
9.024845905455226580e-01
8.989114812938083787e-01
8.982928528564434467e-01
8.910301037063431684e-01
8.831601932068997574e-01
8.854738732185638561e-01
8.776618779910800860e-01
8.753313067089937283e-01
8.620046215944910939e-01
8.528471111255280235e-01
8.570441610657330012e-01
8.481439794965618395e-01
8.431487346557907658e-01
8.424566207236590110e-01
8.398155040993344755e-01
8.415169751031797984e-01
8.269187943798428364e-01
8.207987781432793950e-01
8.247354391240061533e-01
8.196088470736195841e-01
8.176259561332388515e-01
8.106300482213776304e-01
8.106571993258744335e-01
8.069881210454628029e-01
7.985781874951045634e-01
7.966828941782603257e-01
7.959355846606845919e-01
7.943522117914940672e-01
7.969022272948191876e-01
7.808674400738246923e-01
7.862410394335557218e-01
7.811618908153283858e-01
7.765926199000395824e-01
7.699427224834232142e-01
7.778755136431777517e-01
7.646995768229456480e-01
7.663863625741202945e-01
7.572179595253274442e-01
7.603938238993623866e-01
7.712849471393545819e-01
7.513392094770673380e-01
7.474176135201578974e-01
7.593725469231981107e-01
7.489541318783566881e-01
7.407954730601495896e-01
7.441920078016622808e-01
7.342679294737806117e-01
7.368146770409033097e-01
7.408508744897727150e-01
7.440443202151242330e-01
7.270972428460719117e-01
7.283916000901220489e-01
7.253275769721310162e-01
7.228015279043010777e-01
7.206070441454363040e-01
7.219271066939986214e-01
7.225179633686501512e-01
7.216719927840355986e-01
7.179466833141651128e-01
7.159473397563536068e-01
7.134052857010017012e-01
7.025964717562704909e-01
7.100148292478896117e-01
7.138482222814694911e-01
7.015460664912704924e-01
7.004849186145256645e-01
6.997769096760926288e-01
7.024111127338398264e-01
6.924057536335311847e-01
6.951990517326902541e-01
6.904246091849104427e-01
6.956863163715352183e-01
6.909640705261402838e-01
6.803327958918836682e-01
6.916827072016772382e-01
6.921625293978783677e-01
6.711492254898369092e-01
6.717627307727004338e-01
6.765705789899827405e-01
6.777990403921687612e-01
6.737933816358956385e-01
6.717430243642193988e-01
6.822958943347583460e-01
6.649410686106694834e-01
6.605314317793846701e-01
6.629015135790459201e-01
6.593218654739146922e-01
6.686653164767006885e-01
6.632826024771517615e-01
6.620487733344223580e-01
6.514446978009462708e-01
6.552270012073047045e-01
6.552360071469357505e-01
6.515399746583301344e-01
6.598701753688483995e-01
6.504768678269712279e-01
6.438058469310365961e-01
6.422225678671908966e-01
6.493530120477108980e-01
6.426059654109624875e-01
6.438333894860303053e-01
6.474641683217151611e-01
6.435722330181320450e-01
6.509366902262070376e-01
