1.356663253607089503e+00
1.179932086060694774e+00
1.113556823142569874e+00
1.068073451050052913e+00
1.023756901513979356e+00
9.994593838400879227e-01
9.879659279115957649e-01
9.620518951425223175e-01
9.480969026234221664e-01
9.400620541642398242e-01
9.269529229404102066e-01
9.259256563807177765e-01
9.189051871135994753e-01
9.139706404881319246e-01
9.003522414676620178e-01
9.011531541807880075e-01
8.870046063463697950e-01
8.785308278562845574e-01
8.770131102500461351e-01
8.730164545072472970e-01
8.653207526955820628e-01
8.678883465048106149e-01
8.626170248120447193e-01
8.600297024407045354e-01
8.596532037351165556e-01
8.586725936475622101e-01
8.540532813325205641e-01
8.526341194645872257e-01
8.506237583349877118e-01
8.479459702663666443e-01
8.475849559658796828e-01
8.452462414825528958e-01
8.477428031200471281e-01
8.411333571245116492e-01
8.372154719314499616e-01
8.422707190602325422e-01
8.376521902979955359e-01
8.369310001586912628e-01
8.358760140978419573e-01
8.399100231431753105e-01
8.348126601708086847e-01
8.363111530913465153e-01
8.333249533246658292e-01
8.312647716604482095e-01
8.318223941904918650e-01
8.318235966131346526e-01
8.299326013746353148e-01
8.313724951366717741e-01
8.276237837923938745e-01
8.291087077925343163e-01
8.304145256484476434e-01
8.304637029836009487e-01
8.300628286909508269e-01
8.261830492451333052e-01
8.263804408201734786e-01
8.271455968066063758e-01
8.252401768006573102e-01
8.287139674159162972e-01
8.261572616756058807e-01
8.245369470338574924e-01
8.237519038469897081e-01
8.227520979816995705e-01
8.231263338399268381e-01
8.222779231366894592e-01
8.213339456907976510e-01
8.217061469257520567e-01
8.213185862050520480e-01
8.227526533270879128e-01
8.180119863182969686e-01
8.189868011541382442e-01
8.155565388927769055e-01
8.164703879297032785e-01
8.193893183778242495e-01
8.176620508571129653e-01
8.176534523733729465e-01
8.167712494465142470e-01
8.149133643289692142e-01
8.133069374618939751e-01
8.142909281781781639e-01
8.161626993645023642e-01
8.137231044651896950e-01
8.121362521633649356e-01
8.124609235455830802e-01
8.131542183537660007e-01
8.104094859692319019e-01
8.133906915834570039e-01
8.136253042249400602e-01
8.102785825445413259e-01
8.117709564866439909e-01
8.101854998997142232e-01
8.116062839770734616e-01
8.064959444479192774e-01
8.096161806041627385e-01
8.082717981128415552e-01
8.105921264183879593e-01
8.099566297756637390e-01
8.060814158490171577e-01
8.080497211852427641e-01
8.066130765394509128e-01
8.072996105483779550e-01
